0	-0.18629
360	-0.1862917
361	-0.1863688
362	-0.1864562
363	-0.1865572
364	-0.1867059
365	-0.1869927
366	-0.1875494
367	-0.188481
368	-0.1898046
369	-0.1914465
370	-0.193284
371	-0.1951933
372	-0.1970402
373	-0.1986468
374	-0.1999223
375	-0.200719
376	-0.2015039
377	-0.20234
378	-0.2032272
379	-0.2041889
380	-0.2053255
381	-0.2062635
382	-0.2067626
383	-0.2069386
384	-0.2071441
385	-0.2074402
386	-0.2078161
387	-0.2082336
388	-0.2087126
389	-0.2094167
390	-0.2105216
391	-0.2115844
392	-0.2121064
393	-0.2126364
394	-0.2132537
395	-0.2136649
396	-0.2132728
397	-0.2116412
398	-0.2092979
399	-0.2071313
400	-0.2053466
401	-0.204133
402	-0.2038209
403	-0.2033435
404	-0.2027619
405	-0.2017699
406	-0.1996044
407	-0.1957975
408	-0.1902569
409	-0.1832187
410	-0.1751105
411	-0.1671431
412	-0.1602866
413	-0.1531603
414	-0.1458214
415	-0.1391826
416	-0.1333465
417	-0.1275713
418	-0.1215841
419	-0.1154976
420	-0.1096255
421	-0.1044342
422	-0.1001388
423	-0.09640791
424	-0.09334552
425	-0.09130875
426	-0.0900406
427	-0.08893371
428	-0.08742175
429	-0.08541894
430	-0.08321212
431	-0.08107815
432	-0.07926016
433	-0.07790023
434	-0.07702404
435	-0.07656601
436	-0.07650313
437	-0.07704232
438	-0.07835433
439	-0.0801687
440	-0.08210667
441	-0.08295472
442	-0.08218617
443	-0.0805715
444	-0.07835495
445	-0.07545174
446	-0.07233895
447	-0.06937608
448	-0.06673298
449	-0.06453782
450	-0.06277145
451	-0.06041922
452	-0.05704773
453	-0.05324337
454	-0.04905457
455	-0.0442582
456	-0.03921335
457	-0.03453726
458	-0.03056313
459	-0.02735057
460	-0.02487465
461	-0.02293625
462	-0.02138969
463	-0.02004318
464	-0.01865818
465	-0.01708838
466	-0.01530879
467	-0.01326869
468	-0.01096309
469	-0.008555786
470	-0.006207795
471	-0.002558162
472	0.003178525
473	0.009210742
474	0.01570871
475	0.02337883
476	0.0317145
477	0.04041467
478	0.04933257
479	0.05811969
480	0.06664465
481	0.07516599
482	0.08404228
483	0.09253537
484	0.1004831
485	0.1079908
486	0.1152939
487	0.1223565
488	0.1290762
489	0.1355017
490	0.141682
491	0.146509
492	0.1500495
493	0.1534349
494	0.1567479
495	0.1599486
496	0.1632513
497	0.1668085
498	0.1706694
499	0.1748429
500	0.1793184
501	0.184052
502	0.1885982
503	0.1931966
504	0.1978411
505	0.2024629
506	0.2069265
507	0.2108336
508	0.2138368
509	0.2160245
510	0.2176434
511	0.2201571
512	0.2236265
513	0.2271214
514	0.2306279
515	0.2341406
516	0.2374196
517	0.24052
518	0.2434883
519	0.2462543
520	0.2487741
521	0.2528887
522	0.2594016
523	0.2660304
524	0.273252
525	0.2812499
526	0.2895159
527	0.2974696
528	0.3045742
529	0.3108771
530	0.3165991
531	0.3221667
532	0.3281814
533	0.3341665
534	0.3406311
535	0.3475811
536	0.3549787
537	0.3626739
538	0.3705251
539	0.3786422
540	0.3870312
541	0.3935584
542	0.397624
543	0.4009267
544	0.4008073
545	0.3986822
546	0.3966416
547	0.3951692
548	0.3939059
549	0.3914404
550	0.3891776
551	0.387048
552	0.3837992
553	0.380655
554	0.3765639
555	0.3715867
556	0.3659467
557	0.3608554
558	0.3564884
559	0.352628
560	0.349656
561	0.3468792
562	0.343207
563	0.339014
564	0.3343533
565	0.3291839
566	0.3237111
567	0.3189497
568	0.3158455
569	0.3118498
570	0.307052
571	0.3011109
572	0.2934901
573	0.2854418
574	0.2769539
575	0.2676059
576	0.2584359
577	0.2500299
578	0.2413145
579	0.2322792
580	0.2233407
581	0.2141003
582	0.2046514
583	0.1953542
584	0.1862288
585	0.1773577
586	0.1686819
587	0.1602301
588	0.1521517
589	0.1443901
590	0.1367961
591	0.1290085
592	0.1209332
593	0.1126859
594	0.1041831
595	0.09537935
596	0.08635047
597	0.0772584
598	0.06829425
599	0.05954149
600	0.05101985
601	0.04256922
602	0.0341453
603	0.02584746
604	0.01766951
605	0.009607534
606	0.001650232
607	-0.006361109
608	-0.01457484
609	-0.02294787
610	-0.03135793
611	-0.03974693
612	-0.0480547
613	-0.05618544
614	-0.06416919
615	-0.07208241
616	-0.07982159
617	-0.08688112
618	-0.09265995
619	-0.09704096
620	-0.1002501
621	-0.1026656
622	-0.1045306
623	-0.1059246
624	-0.1068252
625	-0.1071687
626	-0.1069831
627	-0.1060828
628	-0.1041073
629	-0.1010155
630	-0.09697852
631	-0.09234943
632	-0.08752271
633	-0.08294387
634	-0.07894324
635	-0.07556332
636	-0.07285103
637	-0.07142887
638	-0.07184839
639	-0.07361654
640	-0.07603429
641	-0.07832686
642	-0.08009521
643	-0.08113598
644	-0.0817062
645	-0.08211193
646	-0.08221228
647	-0.08175391
648	-0.08070797
649	-0.07935981
650	-0.07806821
651	-0.07707092
652	-0.07625486
653	-0.07525571
654	-0.0738631
655	-0.07224575
656	-0.07039525
657	-0.0663476
658	-0.05812122
659	-0.04654219
660	-0.03271846
661	-0.01820936
662	-0.003521975
663	0.01051989
664	0.02424076
665	0.03771961
666	0.04928546
667	0.05480326
668	0.05339364
669	0.04813473
670	0.041391
671	0.03472732
672	0.02817472
673	0.02174441
674	0.01481765
675	0.007897998
676	0.002908316
677	0.002822316
678	0.008839592
679	0.0186794
680	0.03052595
681	0.04350516
682	0.05840516
683	0.07489643
684	0.09265238
685	0.1096965
686	0.1256288
687	0.1416986
688	0.1456062
689	0.1440413
690	0.1365765
691	0.1236617
692	0.1097757
693	0.09392896
694	0.08091465
695	0.07454023
696	0.07744653
697	0.08781664
698	0.1028918
699	0.120267
700	0.1379814
701	0.1556225
702	0.1708773
703	0.1808718
704	0.1863141
705	0.1890116
706	0.1875383
707	0.1780962
708	0.1635721
709	0.1487121
710	0.1369141
711	0.1280588
712	0.1205041
713	0.1160402
714	0.1175717
715	0.1255711
716	0.1365925
717	0.1471701
718	0.1577101
719	0.1689822
720	0.1784199
721	0.1832335
722	0.1843604
723	0.1842846
724	0.1831097
725	0.1786163
726	0.1703569
727	0.159914
728	0.1498179
729	0.1402828
730	0.13048
731	0.1209796
732	0.1139325
733	0.1105529
734	0.1093495
735	0.108803
736	0.109057
737	0.1114051
738	0.1156842
739	0.1199447
740	0.1228142
741	0.1242014
742	0.1245273
743	0.1235897
744	0.1211338
745	0.1172296
746	0.1123573
747	0.1071002
748	0.1020116
749	0.09770127
750	0.09478355
751	0.09359059
752	0.09398986
753	0.09541255
754	0.09711138
755	0.09867954
756	0.09995282
757	0.1008288
758	0.1007655
759	0.09933658
760	0.09664637
761	0.09307299
762	0.08912803
763	0.08503615
764	0.0807865
765	0.07655577
766	0.07263394
767	0.06767949
768	0.06120998
769	0.05412593
770	0.04686699
771	0.03993456
772	0.03317747
773	0.02676397
774	0.02032521
775	0.01388854
776	0.008236722
777	0.004516834
778	0.003129831
779	0.003107977
780	0.003720352
781	0.004482525
782	0.005358433
783	0.006047927
784	0.006458517
785	0.006201422
786	0.004345198
787	-0.001152537
788	-0.01052813
789	-0.02186655
790	-0.03417673
791	-0.04673146
792	-0.05959903
793	-0.07241345
794	-0.08511459
795	-0.09736247
796	-0.1083356
797	-0.1170649
798	-0.1230474
799	-0.1271123
800	-0.1298436
801	-0.1318439
802	-0.1331487
803	-0.1339466
804	-0.1343429
805	-0.1347255
806	-0.1356843
807	-0.1363416
808	-0.1354894
809	-0.1337182
810	-0.1316097
811	-0.1302012
812	-0.1297901
813	-0.1309559
814	-0.1334422
815	-0.1366249
816	-0.1404173
817	-0.1458991
818	-0.1538502
819	-0.1627875
820	-0.1716303
821	-0.179247
822	-0.185741
823	-0.1912803
824	-0.1965342
825	-0.2019854
826	-0.207165
827	-0.2108554
828	-0.2122259
829	-0.2124806
830	-0.2126471
831	-0.2135214
832	-0.214826
833	-0.2164309
834	-0.2180423
835	-0.2195824
836	-0.221535
837	-0.2238921
838	-0.2260443
839	-0.2276073
840	-0.2284282
850	-0.2284282
